1000
20791 770780 893514 226399 903605 255142 871804 51571 886269 9856 
873139 257284 856995 801148 856434 709554 495217 659501 721692 383953 
404238 722518 204172 105347 486717 531719 256848 749841 612655 409837 
352057 633445 180617 761922 859843 600573 533415 247998 168495 419683 
774205 557986 676967 147551 359133 533400 857105 370701 709253 95148 
271005 629842 817666 991528 251541 820734 523246 508388 570574 135900 
918224 438983 285696 615192 200904 661890 732117 734319 426239 900611 
154001 716795 458596 347319 864345 334080 397071 237801 221132 622675 
332949 492136 252516 666966 483663 504056 487699 523260 528795 574624 
659159 963371 13606 461206 94914 730862 639447 827030 465180 582037 
727641 135532 298831 702588 999203 679528 553020 912625 917328 774151 
535299 250276 266287 304166 433593 266301 324574 437643 789561 369720 
12267 965071 333090 542224 942629 944356 273085 582075 771385 254616 
680464 15377 906500 495646 234317 905702 175173 787336 334678 608853 
561486 386328 375480 344124 690493 809073 610425 531418 246715 399985 
901138 775333 881407 234227 317557 824035 178582 106993 922462 466319 
361609 602925 998047 784460 98570 232363 206513 790095 19698 541190 
398947 581184 927517 774426 925307 134361 99850 52083 665779 346565 
968419 566916 638249 849826 317494 955805 673860 12428 579150 112673 
995098 457110 715597 993144 241569 330519 225507 448081 120613 245204 
989270 35911 826387 433138 326688 268046 567498 426538 836480 749628 
289454 804899 316543 927702 654724 150389 883507 844935 162816 979008 
473960 157913 436117 705908 151056 677685 36426 892914 125765 673390 
138118 631386 709300 480856 64523 35988 265253 148372 978877 101733 
898000 268330 906631 730894 196031 77706 881282 595889 438992 560449 
574896 912951 234713 11012 618859 902121 688696 171636 795034 330812 
845026 933151 478549 70677 414007 543071 623016 679259 207795 601892 
780991 622146 386573 203973 353039 582604 281678 234321 694844 237022 
794769 269740 149972 545834 797103 285182 447954 2151 456818 242987 
332962 818195 176138 811511 405223 106496 870933 544591 785754 595079 
146482 83097 217224 49407 803421 570263 632010 601451 320935 843205 
838472 632055 112944 504795 177888 910047 789977 625841 428549 763146 
868828 761510 97692 561317 89372 502914 667812 476657 47504 453565 
71735 710338 53013 288959 759744 856434 375573 908105 457884 696507 
751309 812707 328561 380605 317501 22801 807003 623829 648641 235551 
386974 33820 513412 484665 595136 602784 503931 262947 79440 551434 
232864 667526 778123 285876 472836 537866 658661 848408 962322 116544 
544914 229983 445602 389827 610587 763103 412627 417589 386931 577619 
169491 290257 611439 682902 291273 206574 802037 795203 469521 881476 
862989 702384 65354 157463 504611 538189 695329 163272 386597 174002 
796167 447862 403984 241769 354040 530922 4871 766666 948510 908153 
860637 634352 198409 472075 317254 6034 678648 119290 801236 664520 
517118 180576 366903 582471 338039 871514 120659 549719 551137 23607 
240072 347303 471469 644056 589071 825508 174977 110293 108526 639839 
18446 969162 274190 733206 441236 107795 739239 636235 743437 56827 
300755 776906 237402 184009 359376 91792 55522 996386 157862 123010 
536345 397934 470313 7813 41989 59383 349672 733317 169676 458197 
373155 704473 943710 163697 437678 901297 787843 176917 537532 531279 
233743 354638 824536 987496 538646 183911 595640 110520 696649 753501 
233529 232993 151434 703841 757157 193422 279576 623180 443091 965603 
597729 332597 670075 541438 496293 624104 442735 800488 801020 496618 
848118 551114 851255 672654 538610 389900 372916 650601 500419 69564 
404101 250300 818908 555535 470492 92416 265308 750067 715596 708398 
232021 313324 40995 902095 371113 53639 526199 813847 854126 843570 
826816 702244 394684 678070 374897 449645 67970 747812 100245 84740 
333728 20697 851391 668987 576231 321883 277755 841539 71949 993350 
66288 303970 823025 623634 722416 194137 677273 764966 524336 47750 
608536 351151 266345 519571 545573 157593 485567 613542 421757 102163 
214633 755484 122859 66024 940822 215442 387906 218576 573332 976206 
728277 639619 796527 67653 263253 518943 778142 456877 283908 302477 
20978 408795 169979 287323 444717 715551 444915 446635 845444 383023 
548797 576429 654858 188008 158804 595680 403449 63061 330607 976780 
39266 58884 616398 835793 126536 396002 354735 904677 369230 154994 
723505 390208 80141 409836 193882 524857 641738 155148 971492 3534 
538171 36640 579962 193028 224647 738765 788707 144447 318177 119314 
121226 357442 694549 253976 193234 821084 166329 64320 242113 535559 
735666 481969 442118 332158 891804 635999 373366 533542 791146 344857 
53427 329316 897849 633388 522344 638847 888504 827402 783294 206680 
463067 904519 80473 157615 674846 790059 495051 841175 854378 737163 
893085 106395 735483 335202 438552 627287 487552 811918 677180 795049 
673126 730606 124365 87326 880345 163060 726173 285200 506813 509466 
491879 969880 930336 88703 127494 121534 878761 138896 479060 249491 
392410 372144 355885 127893 223697 310789 271531 711248 639058 948710 
22648 828535 195667 147012 915861 76011 826423 642033 877562 333236 
667850 369440 819467 114537 974494 463312 752422 853255 602208 231481 
102745 994617 119976 458629 122509 343672 285769 910391 571271 924826 
859100 593919 269713 571118 257282 185573 163480 83705 343957 41041 
933292 528158 926832 752758 159046 901326 216069 911468 754580 334628 
142948 857324 329245 262924 832304 968105 122947 634425 878496 694218 
75602 253947 804488 345314 341417 61769 47238 504896 661825 391194 
545937 111468 435703 989120 864225 594749 890445 596646 22568 161376 
447625 681867 535051 776869 461142 883707 261326 584089 518131 656173 
794658 593732 426471 599145 455398 767887 177265 502635 272783 839090 
410181 335071 466909 845883 324190 847486 440631 730987 444131 979550 
892362 891755 661417 427413 184976 122558 311119 962653 222998 345601 
618825 17655 939332 45295 133151 911081 329534 310416 413716 602316 
665857 823896 453738 132765 186130 777927 496602 143113 25265 940732 
122662 917627 348839 784078 861391 50166 422988 172509 529170 645985 
34461 147994 663640 490144 709640 313142 401225 39173 623557 331292 
157840 805765 671539 611577 454882 857668 905856 951483 780 931120 
408567 639794 365098 273757 940223 226488 840274 363210 915348 369443 
9195 949808 33788 672834 439952 259779 985975 357528 298952 125884 
688819 973143 448000 360357 101072 419233 734376 6927 887068 735156 
454398 295634 891301 335848 85742 831523 78687 442367 194733 994035 
811809 203927 460194 361948 393112 416497 621726 895438 774024 437029 
537673 979194 410172 502025 339550 511243 921257 73926 34521 808324 
325433 5270 620309 216733 341117 222402 564607 419804 664768 759339 
930190 992928 479617 906735 354875 389080 323232 976601 284518 613607 
929981 338542 592801 340152 840566 448702 367746 278175 38979 918618 
602850 364411 923888 223159 97495 781356 961912 178454 717511 626680 

